sim_index,c1_actual,c2_actual,i1_expected,i2_expected,c1_to_i1,c1_to_i2,c2_to_i1,c2_to_i2,i1_counted,i2_counted,c1_computed,c2_computed,c1_percent_error,c2_percent_error,max_percent_error
0,500000,500000,500000,500000,333178,166822,167182,332818,500360,499640,501084,498916,0.2168,0.2168,0.2168
1,500000,500000,500000,500000,332910,167090,167740,332260,500650,499350,501958,498042,0.3916,0.3916,0.3916
2,500000,500000,500000,500000,333606,166394,166602,333398,500208,499792,500627,499373,0.1254,0.1254,0.1254
3,500000,500000,500000,500000,332698,167302,167415,332585,500113,499887,500340,499660,0.068,0.068,0.068
4,500000,500000,500000,500000,333055,166945,167181,332819,500236,499764,500711,499289,0.1422,0.1422,0.1422
5,500000,500000,500000,500000,332658,167342,166633,333367,499291,500709,497864,502136,0.4272,0.4272,0.4272
6,500000,500000,500000,500000,333497,166503,167575,332425,501072,498928,503229,496771,0.6458,0.6458,0.6458
7,500000,500000,500000,500000,332442,167558,166747,333253,499189,500811,497557,502443,0.4886,0.4886,0.4886
8,500000,500000,500000,500000,333201,166799,166634,333366,499835,500165,499503,500497,0.0994,0.0994,0.0994
9,500000,500000,500000,500000,333226,166774,167516,332484,500742,499258,502235,497765,0.447,0.447,0.447
10,500000,500000,500000,500000,332747,167253,167038,332962,499785,500215,499352,500648,0.1296,0.1296,0.1296
11,500000,500000,500000,500000,333270,166730,167128,332872,500398,499602,501199,498801,0.2398,0.2398,0.2398
12,500000,500000,500000,500000,333354,166646,167515,332485,500869,499131,502617,497383,0.5234,0.5234,0.5234
13,500000,500000,500000,500000,332835,167165,166880,333120,499715,500285,499142,500858,0.1716,0.1716,0.1716
14,500000,500000,500000,500000,332786,167214,167064,332936,499850,500150,499548,500452,0.0904,0.0904,0.0904
15,500000,500000,500000,500000,333141,166859,166884,333116,500025,499975,500075,499925,0.015,0.015,0.015
16,500000,500000,500000,500000,333424,166576,167146,332854,500570,499430,501717,498283,0.3434,0.3434,0.3434
17,500000,500000,500000,500000,333091,166909,167484,332516,500575,499425,501732,498268,0.3464,0.3464,0.3464
18,500000,500000,500000,500000,333183,166817,166679,333321,499862,500138,499584,500416,0.0832,0.0832,0.0832
19,500000,500000,500000,500000,332913,167087,167022,332978,499935,500065,499804,500196,0.0392,0.0392,0.0392
20,500000,500000,500000,500000,333241,166759,166672,333328,499913,500087,499738,500262,0.0524,0.0524,0.0524
21,500000,500000,500000,500000,332685,167315,166580,333420,499265,500735,497786,502214,0.4428,0.4428,0.4428
22,500000,500000,500000,500000,332700,167300,166671,333329,499371,500629,498105,501895,0.379,0.379,0.379
23,500000,500000,500000,500000,332754,167246,166612,333388,499366,500634,498090,501910,0.382,0.382,0.382
24,500000,500000,500000,500000,333194,166806,167345,332655,500539,499461,501623,498377,0.3246,0.3246,0.3246
25,500000,500000,500000,500000,333040,166960,167626,332374,500666,499334,502006,497994,0.4012,0.4012,0.4012
26,500000,500000,500000,500000,332772,167228,166236,333764,499008,500992,497012,502988,0.5976,0.5976,0.5976
27,500000,500000,500000,500000,333280,166720,167557,332443,500837,499163,502521,497479,0.5042,0.5042,0.5042
28,500000,500000,500000,500000,333863,166137,167134,332866,500997,499003,503003,496997,0.6006,0.6006,0.6006
29,500000,500000,500000,500000,332606,167394,167026,332974,499632,500368,498892,501108,0.2216,0.2216,0.2216
30,500000,500000,500000,500000,333322,166678,166511,333489,499833,500167,499497,500503,0.1006,0.1006,0.1006
31,500000,500000,500000,500000,333126,166874,167120,332880,500246,499754,500741,499259,0.1482,0.1482,0.1482
32,500000,500000,500000,500000,333566,166434,167253,332747,500819,499181,502467,497533,0.4934,0.4934,0.4934
33,500000,500000,500000,500000,333955,166045,166762,333238,500717,499283,502160,497840,0.432,0.432,0.432
34,500000,500000,500000,500000,333129,166871,167001,332999,500130,499870,500392,499608,0.0784,0.0784,0.0784
35,500000,500000,500000,500000,333259,166741,166272,333728,499531,500469,498587,501413,0.2826,0.2826,0.2826
36,500000,500000,500000,500000,333235,166765,167186,332814,500421,499579,501268,498732,0.2536,0.2536,0.2536
37,500000,500000,500000,500000,332631,167369,165864,334136,498495,501505,495467,504533,0.9066,0.9066,0.9066
38,500000,500000,500000,500000,333211,166789,167495,332505,500706,499294,502127,497873,0.4254,0.4254,0.4254
39,500000,500000,500000,500000,332999,167001,167105,332895,500104,499896,500313,499687,0.0626,0.0626,0.0626
40,500000,500000,500000,500000,333327,166673,166788,333212,500115,499885,500346,499654,0.0692,0.0692,0.0692
41,500000,500000,500000,500000,332682,167318,167205,332795,499887,500113,499660,500340,0.068,0.068,0.068
42,500000,500000,500000,500000,333054,166946,166411,333589,499465,500535,498389,501611,0.3222,0.3222,0.3222
43,500000,500000,500000,500000,333025,166975,167087,332913,500112,499888,500337,499663,0.0674,0.0674,0.0674
44,500000,500000,500000,500000,333267,166733,166417,333583,499684,500316,499048,500952,0.1904,0.1904,0.1904
45,500000,500000,500000,500000,333215,166785,167149,332851,500364,499636,501096,498904,0.2192,0.2192,0.2192
46,500000,500000,500000,500000,333000,167000,166709,333291,499709,500291,499123,500877,0.1754,0.1754,0.1754
47,500000,500000,500000,500000,333147,166853,166471,333529,499618,500382,498849,501151,0.2302,0.2302,0.2302
48,500000,500000,500000,500000,333072,166928,167178,332822,500250,499750,500753,499247,0.1506,0.1506,0.1506
49,500000,500000,500000,500000,333436,166564,167148,332852,500584,499416,501759,498241,0.3518,0.3518,0.3518
50,500000,500000,500000,500000,332523,167477,166888,333112,499411,500589,498226,501774,0.3548,0.3548,0.3548
51,500000,500000,500000,500000,333372,166628,166724,333276,500096,499904,500289,499711,0.0578,0.0578,0.0578
52,500000,500000,500000,500000,333167,166833,167041,332959,500208,499792,500627,499373,0.1254,0.1254,0.1254
53,500000,500000,500000,500000,333223,166777,167041,332959,500264,499736,500795,499205,0.159,0.159,0.159
54,500000,500000,500000,500000,332592,167408,167153,332847,499745,500255,499232,500768,0.1536,0.1536,0.1536
55,500000,500000,500000,500000,332849,167151,166933,333067,499782,500218,499343,500657,0.1314,0.1314,0.1314
56,500000,500000,500000,500000,332291,167709,166973,333027,499264,500736,497783,502217,0.4434,0.4434,0.4434
57,500000,500000,500000,500000,333100,166900,166925,333075,500025,499975,500075,499925,0.015,0.015,0.015
58,500000,500000,500000,500000,332457,167543,167070,332930,499527,500473,498575,501425,0.285,0.285,0.285
59,500000,500000,500000,500000,332627,167373,167765,332235,500392,499608,501181,498819,0.2362,0.2362,0.2362
60,500000,500000,500000,500000,332581,167419,167445,332555,500026,499974,500078,499922,0.0156,0.0156,0.0156
61,500000,500000,500000,500000,333502,166498,167382,332618,500884,499116,502663,497337,0.5326,0.5326,0.5326
62,500000,500000,500000,500000,333338,166662,167260,332740,500598,499402,501801,498199,0.3602,0.3602,0.3602
63,500000,500000,500000,500000,333284,166716,167243,332757,500527,499473,501587,498413,0.3174,0.3174,0.3174
64,500000,500000,500000,500000,332952,167048,167070,332930,500022,499978,500066,499934,0.0132,0.0132,0.0132
65,500000,500000,500000,500000,333120,166880,167419,332581,500539,499461,501623,498377,0.3246,0.3246,0.3246
66,500000,500000,500000,500000,333038,166962,167013,332987,500051,499949,500154,499846,0.0308,0.0308,0.0308
67,500000,500000,500000,500000,332740,167260,166792,333208,499532,500468,498590,501410,0.282,0.282,0.282
68,500000,500000,500000,500000,333123,166877,166884,333116,500007,499993,500021,499979,0.0042,0.0042,0.0042
69,500000,500000,500000,500000,332548,167452,166820,333180,499368,500632,498096,501904,0.3808,0.3808,0.3808
70,500000,500000,500000,500000,333005,166995,166769,333231,499774,500226,499319,500681,0.1362,0.1362,0.1362
71,500000,500000,500000,500000,333114,166886,166427,333573,499541,500459,498617,501383,0.2766,0.2766,0.2766
72,500000,500000,500000,500000,332810,167190,166950,333050,499760,500240,499277,500723,0.1446,0.1446,0.1446
73,500000,500000,500000,500000,333505,166495,167097,332903,500602,499398,501813,498187,0.3626,0.3626,0.3626
74,500000,500000,500000,500000,332468,167532,167400,332600,499868,500132,499602,500398,0.0796,0.0796,0.0796
75,500000,500000,500000,500000,333280,166720,167604,332396,500884,499116,502663,497337,0.5326,0.5326,0.5326
76,500000,500000,500000,500000,332547,167453,166671,333329,499218,500782,497645,502355,0.471,0.471,0.471
77,500000,500000,500000,500000,333048,166952,167391,332609,500439,499561,501322,498678,0.2644,0.2644,0.2644
78,500000,500000,500000,500000,333422,166578,166622,333378,500044,499956,500133,499867,0.0266,0.0266,0.0266
79,500000,500000,500000,500000,332543,167457,167082,332918,499625,500375,498870,501130,0.226,0.226,0.226
80,500000,500000,500000,500000,333559,166441,167330,332670,500889,499111,502678,497322,0.5356,0.5356,0.5356
81,500000,500000,500000,500000,332936,167064,166759,333241,499695,500305,499081,500919,0.1838,0.1838,0.1838
82,500000,500000,500000,500000,333316,166684,167056,332944,500372,499628,501120,498880,0.224,0.224,0.224
83,500000,500000,500000,500000,332924,167076,167183,332817,500107,499893,500322,499678,0.0644,0.0644,0.0644
84,500000,500000,500000,500000,332756,167244,167846,332154,500602,499398,501813,498187,0.3626,0.3626,0.3626
85,500000,500000,500000,500000,333315,166685,167226,332774,500541,499459,501630,498370,0.326,0.326,0.326
86,500000,500000,500000,500000,332894,167106,166712,333288,499606,500394,498813,501187,0.2374,0.2374,0.2374
87,500000,500000,500000,500000,332939,167061,167243,332757,500182,499818,500548,499452,0.1096,0.1096,0.1096
88,500000,500000,500000,500000,332616,167384,166852,333148,499468,500532,498398,501602,0.3204,0.3204,0.3204
89,500000,500000,500000,500000,333435,166565,167006,332994,500441,499559,501328,498672,0.2656,0.2656,0.2656
90,500000,500000,500000,500000,332733,167267,166691,333309,499424,500576,498265,501735,0.347,0.347,0.347
91,500000,500000,500000,500000,332482,167518,166647,333353,499129,500871,497377,502623,0.5246,0.5246,0.5246
92,500000,500000,500000,500000,333477,166523,167636,332364,501113,498887,503352,496648,0.6704,0.6704,0.6704
93,500000,500000,500000,500000,332797,167203,167532,332468,500329,499671,500991,499009,0.1982,0.1982,0.1982
94,500000,500000,500000,500000,332330,167670,167574,332426,499904,500096,499711,500289,0.0578,0.0578,0.0578
95,500000,500000,500000,500000,332767,167233,167284,332716,500051,499949,500154,499846,0.0308,0.0308,0.0308
96,500000,500000,500000,500000,332794,167206,166791,333209,499585,500415,498750,501250,0.25,0.25,0.25
97,500000,500000,500000,500000,333110,166890,167389,332611,500499,499501,501503,498497,0.3006,0.3006,0.3006
98,500000,500000,500000,500000,332883,167117,166674,333326,499557,500443,498666,501334,0.2668,0.2668,0.2668
99,500000,500000,500000,500000,332929,167071,166666,333334,499595,500405,498780,501220,0.244,0.244,0.244
