sim_index,c1_actual,c2_actual,i1_expected,i2_expected,c1_to_i1,c1_to_i2,c2_to_i1,c2_to_i2,i1_counted,i2_counted,c1_computed,c2_computed,c1_percent_error,c2_percent_error,max_percent_error
0,50000,50000,50000,50000,35149,14851,14789,35211,49938,50062,49845,50155,0.31,0.31,0.31
1,50000,50000,50000,50000,35033,14967,14793,35207,49826,50174,49565,50435,0.87,0.87,0.87
2,50000,50000,50000,50000,34945,15055,15015,34985,49960,50040,49900,50100,0.2,0.2,0.2
3,50000,50000,50000,50000,34916,15084,15018,34982,49934,50066,49835,50165,0.33,0.33,0.33
4,50000,50000,50000,50000,34983,15017,15092,34908,50075,49925,50188,49812,0.376,0.376,0.376
5,50000,50000,50000,50000,34939,15061,14939,35061,49878,50122,49695,50305,0.61,0.61,0.61
6,50000,50000,50000,50000,34926,15074,15079,34921,50005,49995,50013,49987,0.026,0.026,0.026
7,50000,50000,50000,50000,35016,14984,14844,35156,49860,50140,49650,50350,0.7,0.7,0.7
8,50000,50000,50000,50000,35005,14995,15012,34988,50017,49983,50043,49957,0.086,0.086,0.086
9,50000,50000,50000,50000,34858,15142,14908,35092,49766,50234,49415,50585,1.17,1.17,1.17
10,50000,50000,50000,50000,35040,14960,15103,34897,50143,49857,50358,49642,0.716,0.716,0.716
11,50000,50000,50000,50000,34918,15082,14926,35074,49844,50156,49610,50390,0.78,0.78,0.78
12,50000,50000,50000,50000,34958,15042,15036,34964,49994,50006,49985,50015,0.03,0.03,0.03
13,50000,50000,50000,50000,35099,14901,14909,35091,50008,49992,50020,49980,0.04,0.04,0.04
14,50000,50000,50000,50000,34916,15084,14890,35110,49806,50194,49515,50485,0.97,0.97,0.97
15,50000,50000,50000,50000,35079,14921,15163,34837,50242,49758,50605,49395,1.21,1.21,1.21
16,50000,50000,50000,50000,35021,14979,14841,35159,49862,50138,49655,50345,0.69,0.69,0.69
17,50000,50000,50000,50000,35042,14958,15003,34997,50045,49955,50113,49887,0.226,0.226,0.226
18,50000,50000,50000,50000,35067,14933,14984,35016,50051,49949,50128,49872,0.256,0.256,0.256
19,50000,50000,50000,50000,35028,14972,14875,35125,49903,50097,49758,50242,0.484,0.484,0.484
20,50000,50000,50000,50000,35016,14984,14799,35201,49815,50185,49538,50462,0.924,0.924,0.924
21,50000,50000,50000,50000,35034,14966,14878,35122,49912,50088,49780,50220,0.44,0.44,0.44
22,50000,50000,50000,50000,35041,14959,15075,34925,50116,49884,50290,49710,0.58,0.58,0.58
23,50000,50000,50000,50000,34982,15018,14860,35140,49842,50158,49605,50395,0.79,0.79,0.79
24,50000,50000,50000,50000,34804,15196,15283,34717,50087,49913,50218,49782,0.436,0.436,0.436
25,50000,50000,50000,50000,34874,15126,14858,35142,49732,50268,49330,50670,1.34,1.34,1.34
26,50000,50000,50000,50000,34979,15021,15096,34904,50075,49925,50188,49812,0.376,0.376,0.376
27,50000,50000,50000,50000,35117,14883,14896,35104,50013,49987,50033,49967,0.066,0.066,0.066
28,50000,50000,50000,50000,34924,15076,15245,34755,50169,49831,50423,49577,0.846,0.846,0.846
29,50000,50000,50000,50000,34966,15034,14977,35023,49943,50057,49858,50142,0.284,0.284,0.284
30,50000,50000,50000,50000,35036,14964,15102,34898,50138,49862,50345,49655,0.69,0.69,0.69
31,50000,50000,50000,50000,34953,15047,14852,35148,49805,50195,49513,50487,0.974,0.974,0.974
32,50000,50000,50000,50000,35029,14971,14865,35135,49894,50106,49735,50265,0.53,0.53,0.53
33,50000,50000,50000,50000,34932,15068,15088,34912,50020,49980,50050,49950,0.1,0.1,0.1
34,50000,50000,50000,50000,35043,14957,14959,35041,50002,49998,50005,49995,0.01,0.01,0.01
35,50000,50000,50000,50000,35118,14882,15033,34967,50151,49849,50378,49622,0.756,0.756,0.756
36,50000,50000,50000,50000,34999,15001,14969,35031,49968,50032,49920,50080,0.16,0.16,0.16
37,50000,50000,50000,50000,35111,14889,14983,35017,50094,49906,50235,49765,0.47,0.47,0.47
38,50000,50000,50000,50000,34913,15087,14973,35027,49886,50114,49715,50285,0.57,0.57,0.57
39,50000,50000,50000,50000,34875,15125,14826,35174,49701,50299,49253,50747,1.494,1.494,1.494
40,50000,50000,50000,50000,35032,14968,14924,35076,49956,50044,49890,50110,0.22,0.22,0.22
41,50000,50000,50000,50000,35087,14913,14852,35148,49939,50061,49848,50152,0.304,0.304,0.304
42,50000,50000,50000,50000,35070,14930,15129,34871,50199,49801,50498,49502,0.996,0.996,0.996
43,50000,50000,50000,50000,35024,14976,15046,34954,50070,49930,50175,49825,0.35,0.35,0.35
44,50000,50000,50000,50000,34880,15120,15037,34963,49917,50083,49793,50207,0.414,0.414,0.414
45,50000,50000,50000,50000,35043,14957,15030,34970,50073,49927,50183,49817,0.366,0.366,0.366
46,50000,50000,50000,50000,34990,15010,15107,34893,50097,49903,50243,49757,0.486,0.486,0.486
47,50000,50000,50000,50000,34901,15099,14924,35076,49825,50175,49563,50437,0.874,0.874,0.874
48,50000,50000,50000,50000,35048,14952,14871,35129,49919,50081,49798,50202,0.404,0.404,0.404
49,50000,50000,50000,50000,35115,14885,15084,34916,50199,49801,50498,49502,0.996,0.996,0.996
50,50000,50000,50000,50000,35111,14889,14994,35006,50105,49895,50263,49737,0.526,0.526,0.526
51,50000,50000,50000,50000,34942,15058,14970,35030,49912,50088,49780,50220,0.44,0.44,0.44
52,50000,50000,50000,50000,34965,15035,14894,35106,49859,50141,49648,50352,0.704,0.704,0.704
53,50000,50000,50000,50000,34990,15010,15139,34861,50129,49871,50323,49677,0.646,0.646,0.646
54,50000,50000,50000,50000,35069,14931,15012,34988,50081,49919,50203,49797,0.406,0.406,0.406
55,50000,50000,50000,50000,35117,14883,14927,35073,50044,49956,50110,49890,0.22,0.22,0.22
56,50000,50000,50000,50000,35068,14932,14820,35180,49888,50112,49720,50280,0.56,0.56,0.56
57,50000,50000,50000,50000,34996,15004,15073,34927,50069,49931,50173,49827,0.346,0.346,0.346
58,50000,50000,50000,50000,35094,14906,14952,35048,50046,49954,50115,49885,0.23,0.23,0.23
59,50000,50000,50000,50000,35066,14934,15145,34855,50211,49789,50528,49472,1.056,1.056,1.056
60,50000,50000,50000,50000,35018,14982,15090,34910,50108,49892,50270,49730,0.54,0.54,0.54
61,50000,50000,50000,50000,35083,14917,14958,35042,50041,49959,50103,49897,0.206,0.206,0.206
62,50000,50000,50000,50000,35139,14861,14786,35214,49925,50075,49813,50187,0.374,0.374,0.374
63,50000,50000,50000,50000,34999,15001,14855,35145,49854,50146,49635,50365,0.73,0.73,0.73
64,50000,50000,50000,50000,35209,14791,14893,35107,50102,49898,50255,49745,0.51,0.51,0.51
65,50000,50000,50000,50000,35010,14990,14989,35011,49999,50001,49998,50002,0.004,0.004,0.004
66,50000,50000,50000,50000,35161,14839,15135,34865,50296,49704,50740,49260,1.48,1.48,1.48
67,50000,50000,50000,50000,35154,14846,15090,34910,50244,49756,50610,49390,1.22,1.22,1.22
68,50000,50000,50000,50000,34973,15027,14916,35084,49889,50111,49723,50277,0.554,0.554,0.554
69,50000,50000,50000,50000,34943,15057,14956,35044,49899,50101,49748,50252,0.504,0.504,0.504
70,50000,50000,50000,50000,35194,14806,15016,34984,50210,49790,50525,49475,1.05,1.05,1.05
71,50000,50000,50000,50000,35043,14957,15047,34953,50090,49910,50225,49775,0.45,0.45,0.45
72,50000,50000,50000,50000,35073,14927,14920,35080,49993,50007,49983,50017,0.034,0.034,0.034
73,50000,50000,50000,50000,35040,14960,14877,35123,49917,50083,49793,50207,0.414,0.414,0.414
74,50000,50000,50000,50000,34967,15033,15016,34984,49983,50017,49958,50042,0.084,0.084,0.084
75,50000,50000,50000,50000,34989,15011,14868,35132,49857,50143,49643,50357,0.714,0.714,0.714
76,50000,50000,50000,50000,34982,15018,15057,34943,50039,49961,50098,49902,0.196,0.196,0.196
77,50000,50000,50000,50000,34880,15120,14984,35016,49864,50136,49660,50340,0.68,0.68,0.68
78,50000,50000,50000,50000,35129,14871,15010,34990,50139,49861,50348,49652,0.696,0.696,0.696
79,50000,50000,50000,50000,35249,14751,15147,34853,50396,49604,50990,49010,1.98,1.98,1.98
80,50000,50000,50000,50000,34855,15145,14839,35161,49694,50306,49235,50765,1.53,1.53,1.53
81,50000,50000,50000,50000,35110,14890,15075,34925,50185,49815,50463,49537,0.926,0.926,0.926
82,50000,50000,50000,50000,35144,14856,14920,35080,50064,49936,50160,49840,0.32,0.32,0.32
83,50000,50000,50000,50000,35140,14860,14991,35009,50131,49869,50328,49672,0.656,0.656,0.656
84,50000,50000,50000,50000,34808,15192,14956,35044,49764,50236,49410,50590,1.18,1.18,1.18
85,50000,50000,50000,50000,34854,15146,14901,35099,49755,50245,49388,50612,1.224,1.224,1.224
86,50000,50000,50000,50000,35007,14993,14820,35180,49827,50173,49568,50432,0.864,0.864,0.864
87,50000,50000,50000,50000,35086,14914,14863,35137,49949,50051,49873,50127,0.254,0.254,0.254
88,50000,50000,50000,50000,34965,15035,15030,34970,49995,50005,49988,50012,0.024,0.024,0.024
89,50000,50000,50000,50000,34821,15179,15070,34930,49891,50109,49728,50272,0.544,0.544,0.544
90,50000,50000,50000,50000,34904,15096,14827,35173,49731,50269,49328,50672,1.344,1.344,1.344
91,50000,50000,50000,50000,35093,14907,15065,34935,50158,49842,50395,49605,0.79,0.79,0.79
92,50000,50000,50000,50000,34896,15104,15090,34910,49986,50014,49965,50035,0.07,0.07,0.07
93,50000,50000,50000,50000,34843,15157,15008,34992,49851,50149,49628,50372,0.744,0.744,0.744
94,50000,50000,50000,50000,35026,14974,14979,35021,50005,49995,50013,49987,0.026,0.026,0.026
95,50000,50000,50000,50000,35073,14927,15100,34900,50173,49827,50433,49567,0.866,0.866,0.866
96,50000,50000,50000,50000,35078,14922,15089,34911,50167,49833,50418,49582,0.836,0.836,0.836
97,50000,50000,50000,50000,35015,14985,14908,35092,49923,50077,49808,50192,0.384,0.384,0.384
98,50000,50000,50000,50000,35109,14891,15131,34869,50240,49760,50600,49400,1.2,1.2,1.2
99,50000,50000,50000,50000,34897,15103,14824,35176,49721,50279,49303,50697,1.394,1.394,1.394
